
-----------------------------------系统彩采集开始-------------------------------
【彩种】       【状态】        【最后更新】    【开奖号码】        
一分快3   	[已采集]	202107090208	6,6,6               
幸运飞艇  	[已采集]	20210708109	06,03,09,01,08,10,02,04,05,07
福彩快3   	[已采集]	20210709120	4,5,1               
幸运快3   	[已采集]	20210709041	3,3,4               
大发六合彩	[已采集]	20210709103	37,44,45,39,10,17,02
1分时时彩 	[已采集]	202107090208	2,9,5,9,7           
大发pk10  	[已采集]	20210708360	04,07,03,09,06,02,01,05,08,10
5分六合彩 	[已采集]	20210709041	46,14,43,19,17,25,22
一分幸运28	[已采集]	202107090208	2,3,9               
5分pk10   	[已采集]	20210709041	07,02,08,06,10,05,04,01,09,03
10分六合彩	[已采集]	20210709020	16,13,25,12,21,35,09
5分时时彩 	[已采集]	20210709041	0,4,4,6,9           
3分时时彩 	[已采集]	20210709069	0,0,8,8,8           
10快3     	[已采集]	20210709020	1,2,5               
1分11选5  	[已采集]	202107090208	02,07,09,10,11      
3分pk10   	[已采集]	20210709069	07,04,10,03,09,01,05,08,06,02
1分pk10   	[已采集]	202107090208	09,04,05,02,06,08,03,01,07,10
1分六合彩 	[已采集]	202107090208	27,09,47,14,42,25,13
幸运快3   	[已采集]	20210709222	4,1,3               
3分快3    	[已采集]	20210709069	3,3,6               
休眠3S

-----------------------------------系统彩采集开始-------------------------------
【彩种】       【状态】        【最后更新】    【开奖号码】        
一分快3   	[已采集]	202107090208	6,6,6               
幸运飞艇  	[已采集]	20210708109	06,03,09,01,08,10,02,04,05,07
福彩快3   	[已采集]	20210709120	4,5,1               
幸运快3   	[已采集]	20210709041	3,3,4               
大发六合彩	[已采集]	20210709103	37,44,45,39,10,17,02
1分时时彩 	[已采集]	202107090208	2,9,5,9,7           
大发pk10  	[已采集]	20210708360	04,07,03,09,06,02,01,05,08,10
5分六合彩 	[已采集]	20210709041	46,14,43,19,17,25,22
一分幸运28	[已采集]	202107090208	2,3,9               
5分pk10   	[已采集]	20210709041	07,02,08,06,10,05,04,01,09,03
10分六合彩	[已采集]	20210709020	16,13,25,12,21,35,09
5分时时彩 	[已采集]	20210709041	0,4,4,6,9           
3分时时彩 	[已采集]	20210709069	0,0,8,8,8           
10快3     	[已采集]	20210709020	1,2,5               
1分11选5  	[已采集]	202107090208	02,07,09,10,11      
3分pk10   	[已采集]	20210709069	07,04,10,03,09,01,05,08,06,02
1分pk10   	[已采集]	202107090208	09,04,05,02,06,08,03,01,07,10
1分六合彩 	[已采集]	202107090208	27,09,47,14,42,25,13
幸运快3   	[已采集]	20210709222	4,1,3               
3分快3    	[已采集]	20210709069	3,3,6               
休眠3S

-----------------------------------系统彩采集开始-------------------------------
【彩种】       【状态】        【最后更新】    【开奖号码】        
一分快3   	[已采集]	202107090208	6,6,6               
幸运飞艇  	[已采集]	20210708109	06,03,09,01,08,10,02,04,05,07
福彩快3   	[已采集]	20210709120	4,5,1               
幸运快3   	[已采集]	20210709041	3,3,4               
大发六合彩	[已采集]	20210709103	37,44,45,39,10,17,02
1分时时彩 	[已采集]	202107090208	2,9,5,9,7           
大发pk10  	[已采集]	20210708360	04,07,03,09,06,02,01,05,08,10
5分六合彩 	[已采集]	20210709041	46,14,43,19,17,25,22
一分幸运28	[已采集]	202107090208	2,3,9               
5分pk10   	[已采集]	20210709041	07,02,08,06,10,05,04,01,09,03
10分六合彩	[已采集]	20210709020	16,13,25,12,21,35,09
5分时时彩 	[已采集]	20210709041	0,4,4,6,9           
3分时时彩 	[已采集]	20210709069	0,0,8,8,8           
10快3     	[已采集]	20210709020	1,2,5               
1分11选5  	[已采集]	202107090208	02,07,09,10,11      
3分pk10   	[已采集]	20210709069	07,04,10,03,09,01,05,08,06,02
1分pk10   	[已采集]	202107090208	09,04,05,02,06,08,03,01,07,10
1分六合彩 	[已采集]	202107090208	27,09,47,14,42,25,13
幸运快3   	[已采集]	20210709222	4,1,3               
3分快3    	[已采集]	20210709069	3,3,6               
休眠3S

-----------------------------------系统彩采集开始-------------------------------
【彩种】       【状态】        【最后更新】    【开奖号码】        
一分快3   	[已采集]	202107090208	6,6,6               
幸运飞艇  	[已采集]	20210708109	06,03,09,01,08,10,02,04,05,07
福彩快3   	[已采集]	20210709120	4,5,1               
幸运快3   	[已采集]	20210709041	3,3,4               
大发六合彩	[已采集]	20210709103	37,44,45,39,10,17,02
1分时时彩 	[已采集]	202107090208	2,9,5,9,7           
大发pk10  	[已采集]	20210708360	04,07,03,09,06,02,01,05,08,10
5分六合彩 	[已采集]	20210709041	46,14,43,19,17,25,22
一分幸运28	[已采集]	202107090208	2,3,9               
5分pk10   	[已采集]	20210709041	07,02,08,06,10,05,04,01,09,03
10分六合彩	[已采集]	20210709020	16,13,25,12,21,35,09
5分时时彩 	[已采集]	20210709041	0,4,4,6,9           
3分时时彩 	[已采集]	20210709069	0,0,8,8,8           
10快3     	[已采集]	20210709020	1,2,5               
1分11选5  	[已采集]	202107090208	02,07,09,10,11      
3分pk10   	[已采集]	20210709069	07,04,10,03,09,01,05,08,06,02
1分pk10   	[已采集]	202107090208	09,04,05,02,06,08,03,01,07,10
1分六合彩 	[已采集]	202107090208	27,09,47,14,42,25,13
幸运快3   	[已采集]	20210709222	4,1,3               
3分快3    	[已采集]	20210709069	3,3,6               
休眠3S

-----------------------------------系统彩采集开始-------------------------------
【彩种】       【状态】        【最后更新】    【开奖号码】        
一分快3   	[已采集]	202107090208	6,6,6               
幸运飞艇  	[已采集]	20210708109	06,03,09,01,08,10,02,04,05,07
福彩快3   	[已采集]	20210709120	4,5,1               
幸运快3   	[已采集]	20210709041	3,3,4               
大发六合彩	[已采集]	20210709103	37,44,45,39,10,17,02
1分时时彩 	[已采集]	202107090208	2,9,5,9,7           
大发pk10  	[已采集]	20210708360	04,07,03,09,06,02,01,05,08,10
5分六合彩 	[已采集]	20210709041	46,14,43,19,17,25,22
一分幸运28	[已采集]	202107090208	2,3,9               
5分pk10   	[已采集]	20210709041	07,02,08,06,10,05,04,01,09,03
10分六合彩	[已采集]	20210709020	16,13,25,12,21,35,09
5分时时彩 	[已采集]	20210709041	0,4,4,6,9           
3分时时彩 	[已采集]	20210709069	0,0,8,8,8           
10快3     	[已采集]	20210709020	1,2,5               
1分11选5  	[已采集]	202107090208	02,07,09,10,11      
3分pk10   	[已采集]	20210709069	07,04,10,03,09,01,05,08,06,02
1分pk10   	[已采集]	202107090208	09,04,05,02,06,08,03,01,07,10
1分六合彩 	[已采集]	202107090208	27,09,47,14,42,25,13
幸运快3   	[已采集]	20210709222	4,1,3               
3分快3    	[已采集]	20210709069	3,3,6               
休眠3S

-----------------------------------系统彩采集开始-------------------------------
【彩种】       【状态】        【最后更新】    【开奖号码】        
一分快3   	[已采集]	202107090208	6,6,6               
幸运飞艇  	[已采集]	20210708109	06,03,09,01,08,10,02,04,05,07
福彩快3   	[已采集]	20210709120	4,5,1               
幸运快3   	[已采集]	20210709041	3,3,4               
大发六合彩	[已采集]	20210709103	37,44,45,39,10,17,02
1分时时彩 	[已采集]	202107090208	2,9,5,9,7           
大发pk10  	[已采集]	20210708360	04,07,03,09,06,02,01,05,08,10
5分六合彩 	[已采集]	20210709041	46,14,43,19,17,25,22
一分幸运28	[已采集]	202107090208	2,3,9               
5分pk10   	[已采集]	20210709041	07,02,08,06,10,05,04,01,09,03
10分六合彩	[已采集]	20210709020	16,13,25,12,21,35,09
5分时时彩 	[已采集]	20210709041	0,4,4,6,9           
3分时时彩 	[已采集]	20210709069	0,0,8,8,8           
10快3     	[已采集]	20210709020	1,2,5               
1分11选5  	[已采集]	202107090208	02,07,09,10,11      
3分pk10   	[已采集]	20210709069	07,04,10,03,09,01,05,08,06,02
1分pk10   	[已采集]	202107090208	09,04,05,02,06,08,03,01,07,10
1分六合彩 	[已采集]	202107090208	27,09,47,14,42,25,13
幸运快3   	[已采集]	20210709222	4,1,3               
3分快3    	[已采集]	20210709069	3,3,6               
休眠3S

-----------------------------------系统彩采集开始-------------------------------
【彩种】       【状态】        【最后更新】    【开奖号码】        
一分快3   	[已采集]	202107090208	6,6,6               
幸运飞艇  	[已采集]	20210708109	06,03,09,01,08,10,02,04,05,07
福彩快3   	[已采集]	20210709120	4,5,1               
幸运快3   	[已采集]	20210709041	3,3,4               
大发六合彩	[已采集]	20210709103	37,44,45,39,10,17,02
1分时时彩 	[已采集]	202107090208	2,9,5,9,7           
大发pk10  	[已采集]	20210708360	04,07,03,09,06,02,01,05,08,10
5分六合彩 	[已采集]	20210709041	46,14,43,19,17,25,22
一分幸运28	[已采集]	202107090208	2,3,9               
5分pk10   	[已采集]	20210709041	07,02,08,06,10,05,04,01,09,03
10分六合彩	[已采集]	20210709020	16,13,25,12,21,35,09
5分时时彩 	[已采集]	20210709041	0,4,4,6,9           
3分时时彩 	[已采集]	20210709069	0,0,8,8,8           
10快3     	[已采集]	20210709020	1,2,5               
1分11选5  	[已采集]	202107090208	02,07,09,10,11      
3分pk10   	[已采集]	20210709069	07,04,10,03,09,01,05,08,06,02
1分pk10   	[已采集]	202107090208	09,04,05,02,06,08,03,01,07,10
1分六合彩 	[已采集]	202107090208	27,09,47,14,42,25,13
幸运快3   	[已采集]	20210709222	4,1,3               
3分快3    	[已采集]	20210709069	3,3,6               
休眠3S

-----------------------------------系统彩采集开始-------------------------------
【彩种】       【状态】        【最后更新】    【开奖号码】        
一分快3   	[已采集]	202107090208	6,6,6               
幸运飞艇  	[已采集]	20210708109	06,03,09,01,08,10,02,04,05,07
福彩快3   	[已采集]	20210709120	4,5,1               
幸运快3   	[已采集]	20210709041	3,3,4               
大发六合彩	[已采集]	20210709103	37,44,45,39,10,17,02
1分时时彩 	[已采集]	202107090208	2,9,5,9,7           
大发pk10  	[已采集]	20210708360	04,07,03,09,06,02,01,05,08,10
5分六合彩 	[已采集]	20210709041	46,14,43,19,17,25,22
一分幸运28	[已采集]	202107090208	2,3,9               
5分pk10   	[已采集]	20210709041	07,02,08,06,10,05,04,01,09,03
10分六合彩	[已采集]	20210709020	16,13,25,12,21,35,09
5分时时彩 	[已采集]	20210709041	0,4,4,6,9           
3分时时彩 	[已采集]	20210709069	0,0,8,8,8           
10快3     	[已采集]	20210709020	1,2,5               
1分11选5  	[已采集]	202107090208	02,07,09,10,11      
3分pk10   	[已采集]	20210709069	07,04,10,03,09,01,05,08,06,02
1分pk10   	[已采集]	202107090208	09,04,05,02,06,08,03,01,07,10
1分六合彩 	[已采集]	202107090208	27,09,47,14,42,25,13
幸运快3   	[已采集]	20210709222	4,1,3               
3分快3    	[已采集]	20210709069	3,3,6               
休眠3S

-----------------------------------系统彩采集开始-------------------------------
【彩种】       【状态】        【最后更新】    【开奖号码】        
一分快3   	[已采集]	202107090208	6,6,6               
幸运飞艇  	[已采集]	20210708109	06,03,09,01,08,10,02,04,05,07
福彩快3   	[已采集]	20210709120	4,5,1               
幸运快3   	[已采集]	20210709041	3,3,4               
大发六合彩	[已采集]	20210709103	37,44,45,39,10,17,02
1分时时彩 	[已采集]	202107090208	2,9,5,9,7           
大发pk10  	[已采集]	20210708360	04,07,03,09,06,02,01,05,08,10
5分六合彩 	[已采集]	20210709041	46,14,43,19,17,25,22
一分幸运28	[已采集]	202107090208	2,3,9               
5分pk10   	[已采集]	20210709041	07,02,08,06,10,05,04,01,09,03
10分六合彩	[已采集]	20210709020	16,13,25,12,21,35,09
5分时时彩 	[已采集]	20210709041	0,4,4,6,9           
3分时时彩 	[已采集]	20210709069	0,0,8,8,8           
10快3     	[已采集]	20210709020	1,2,5               
1分11选5  	[已采集]	202107090208	02,07,09,10,11      
3分pk10   	[已采集]	20210709069	07,04,10,03,09,01,05,08,06,02
1分pk10   	[已采集]	202107090208	09,04,05,02,06,08,03,01,07,10
1分六合彩 	[已采集]	202107090208	27,09,47,14,42,25,13
幸运快3   	[已采集]	20210709222	4,1,3               
3分快3    	[已采集]	20210709069	3,3,6               
休眠3S

-----------------------------------系统彩采集开始-------------------------------
【彩种】       【状态】        【最后更新】    【开奖号码】        
一分快3   	[已采集]	202107090208	6,6,6               
幸运飞艇  	[已采集]	20210708109	06,03,09,01,08,10,02,04,05,07
福彩快3   	[已采集]	20210709120	4,5,1               
幸运快3   	[已采集]	20210709041	3,3,4               
大发六合彩	[已采集]	20210709103	37,44,45,39,10,17,02
1分时时彩 	[已采集]	202107090208	2,9,5,9,7           
大发pk10  	[已采集]	20210708360	04,07,03,09,06,02,01,05,08,10
5分六合彩 	[已采集]	20210709041	46,14,43,19,17,25,22
一分幸运28	[已采集]	202107090208	2,3,9               
5分pk10   	[已采集]	20210709041	07,02,08,06,10,05,04,01,09,03
10分六合彩	[已采集]	20210709020	16,13,25,12,21,35,09
5分时时彩 	[已采集]	20210709041	0,4,4,6,9           
3分时时彩 	[已采集]	20210709069	0,0,8,8,8           
10快3     	[已采集]	20210709020	1,2,5               
1分11选5  	[已采集]	202107090208	02,07,09,10,11      
3分pk10   	[已采集]	20210709069	07,04,10,03,09,01,05,08,06,02
1分pk10   	[已采集]	202107090208	09,04,05,02,06,08,03,01,07,10
1分六合彩 	[已采集]	202107090208	27,09,47,14,42,25,13
幸运快3   	[已采集]	20210709222	4,1,3               
3分快3    	[已采集]	20210709069	3,3,6               
休眠3S

-----------------------------------系统彩采集开始-------------------------------
【彩种】       【状态】        【最后更新】    【开奖号码】        
一分快3   	[已采集]	202107090208	6,6,6               
幸运飞艇  	[已采集]	20210708109	06,03,09,01,08,10,02,04,05,07
福彩快3   	[已采集]	20210709120	4,5,1               
幸运快3   	[已采集]	20210709041	3,3,4               
大发六合彩	[已采集]	20210709103	37,44,45,39,10,17,02
1分时时彩 	[已采集]	202107090208	2,9,5,9,7           
大发pk10  	[已采集]	20210708360	04,07,03,09,06,02,01,05,08,10
5分六合彩 	[已采集]	20210709041	46,14,43,19,17,25,22
一分幸运28	[已采集]	202107090208	2,3,9               
5分pk10   	[已采集]	20210709041	07,02,08,06,10,05,04,01,09,03
10分六合彩	[已采集]	20210709020	16,13,25,12,21,35,09
5分时时彩 	[已采集]	20210709041	0,4,4,6,9           
3分时时彩 	[已采集]	20210709069	0,0,8,8,8           
10快3     	[已采集]	20210709020	1,2,5               
1分11选5  	[已采集]	202107090208	02,07,09,10,11      
3分pk10   	[已采集]	20210709069	07,04,10,03,09,01,05,08,06,02
1分pk10   	[已采集]	202107090208	09,04,05,02,06,08,03,01,07,10
1分六合彩 	[已采集]	202107090208	27,09,47,14,42,25,13
幸运快3   	[已采集]	20210709222	4,1,3               
3分快3    	[已采集]	20210709069	3,3,6               
休眠3S

-----------------------------------系统彩采集开始-------------------------------
【彩种】       【状态】        【最后更新】    【开奖号码】        
一分快3   	[已采集]	202107090208	6,6,6               
幸运飞艇  	[已采集]	20210708109	06,03,09,01,08,10,02,04,05,07
福彩快3   	[已采集]	20210709120	4,5,1               
幸运快3   	[已采集]	20210709041	3,3,4               
大发六合彩	[已采集]	20210709103	37,44,45,39,10,17,02
1分时时彩 	[已采集]	202107090208	2,9,5,9,7           
大发pk10  	[已采集]	20210708360	04,07,03,09,06,02,01,05,08,10
5分六合彩 	[已采集]	20210709041	46,14,43,19,17,25,22
一分幸运28	[已采集]	202107090208	2,3,9               
5分pk10   	[已采集]	20210709041	07,02,08,06,10,05,04,01,09,03
10分六合彩	[已采集]	20210709020	16,13,25,12,21,35,09
5分时时彩 	[已采集]	20210709041	0,4,4,6,9           
3分时时彩 	[已采集]	20210709069	0,0,8,8,8           
10快3     	[已采集]	20210709020	1,2,5               
1分11选5  	[已采集]	202107090208	02,07,09,10,11      
3分pk10   	[已采集]	20210709069	07,04,10,03,09,01,05,08,06,02
1分pk10   	[已采集]	202107090208	09,04,05,02,06,08,03,01,07,10
1分六合彩 	[已采集]	202107090208	27,09,47,14,42,25,13
幸运快3   	[已采集]	20210709222	4,1,3               
3分快3    	[已采集]	20210709069	3,3,6               
休眠3S

-----------------------------------系统彩采集开始-------------------------------
【彩种】       【状态】        【最后更新】    【开奖号码】        
一分快3   	[已采集]	202107090208	6,6,6               
幸运飞艇  	[已采集]	20210708109	06,03,09,01,08,10,02,04,05,07
福彩快3   	[已采集]	20210709120	4,5,1               
幸运快3   	[已采集]	20210709041	3,3,4               
大发六合彩	[已采集]	20210709103	37,44,45,39,10,17,02
1分时时彩 	[已采集]	202107090208	2,9,5,9,7           
大发pk10  	[已采集]	20210708360	04,07,03,09,06,02,01,05,08,10
5分六合彩 	[已采集]	20210709041	46,14,43,19,17,25,22
一分幸运28	[已采集]	202107090208	2,3,9               
5分pk10   	[已采集]	20210709041	07,02,08,06,10,05,04,01,09,03
10分六合彩	[已采集]	20210709020	16,13,25,12,21,35,09
5分时时彩 	[已采集]	20210709041	0,4,4,6,9           
3分时时彩 	[已采集]	20210709069	0,0,8,8,8           
10快3     	[已采集]	20210709020	1,2,5               
1分11选5  	[已采集]	202107090208	02,07,09,10,11      
3分pk10   	[已采集]	20210709069	07,04,10,03,09,01,05,08,06,02
1分pk10   	[已采集]	202107090208	09,04,05,02,06,08,03,01,07,10
1分六合彩 	[已采集]	202107090208	27,09,47,14,42,25,13
幸运快3   	[已采集]	20210709222	4,1,3               
3分快3    	[已采集]	20210709069	3,3,6               
休眠3S

-----------------------------------系统彩采集开始-------------------------------
【彩种】       【状态】        【最后更新】    【开奖号码】        
一分快3   	[已采集]	202107090208	6,6,6               
幸运飞艇  	[已采集]	20210708109	06,03,09,01,08,10,02,04,05,07
福彩快3   	[已采集]	20210709120	4,5,1               
幸运快3   	[已采集]	20210709041	3,3,4               
大发六合彩	[已采集]	20210709103	37,44,45,39,10,17,02
1分时时彩 	[已采集]	202107090208	2,9,5,9,7           
大发pk10  	[已采集]	20210708360	04,07,03,09,06,02,01,05,08,10
5分六合彩 	[已采集]	20210709041	46,14,43,19,17,25,22
一分幸运28	[已采集]	202107090208	2,3,9               
5分pk10   	[已采集]	20210709041	07,02,08,06,10,05,04,01,09,03
10分六合彩	[已采集]	20210709020	16,13,25,12,21,35,09
5分时时彩 	[已采集]	20210709041	0,4,4,6,9           
3分时时彩 	[已采集]	20210709069	0,0,8,8,8           
10快3     	[已采集]	20210709020	1,2,5               
1分11选5  	[已采集]	202107090208	02,07,09,10,11      
3分pk10   	[已采集]	20210709069	07,04,10,03,09,01,05,08,06,02
1分pk10   	[已采集]	202107090208	09,04,05,02,06,08,03,01,07,10
1分六合彩 	[已采集]	202107090208	27,09,47,14,42,25,13
幸运快3   	[已采集]	20210709222	4,1,3               
3分快3    	[已采集]	20210709069	3,3,6               
休眠3S

-----------------------------------系统彩采集开始-------------------------------
【彩种】       【状态】        【最后更新】    【开奖号码】        
一分快3   	[已采集]	202107090208	6,6,6               
幸运飞艇  	[已采集]	20210708109	06,03,09,01,08,10,02,04,05,07
福彩快3   	[已采集]	20210709120	4,5,1               
幸运快3   	[已采集]	20210709041	3,3,4               
大发六合彩	[已采集]	20210709103	37,44,45,39,10,17,02
1分时时彩 	[已采集]	202107090208	2,9,5,9,7           
大发pk10  	[已采集]	20210708360	04,07,03,09,06,02,01,05,08,10
5分六合彩 	[已采集]	20210709041	46,14,43,19,17,25,22
一分幸运28	[已采集]	202107090208	2,3,9               
5分pk10   	[已采集]	20210709041	07,02,08,06,10,05,04,01,09,03
10分六合彩	[已采集]	20210709020	16,13,25,12,21,35,09
5分时时彩 	[已采集]	20210709041	0,4,4,6,9           
3分时时彩 	[已采集]	20210709069	0,0,8,8,8           
10快3     	[已采集]	20210709020	1,2,5               
1分11选5  	[已采集]	202107090208	02,07,09,10,11      
3分pk10   	[已采集]	20210709069	07,04,10,03,09,01,05,08,06,02
1分pk10   	[已采集]	202107090208	09,04,05,02,06,08,03,01,07,10
1分六合彩 	[已采集]	202107090208	27,09,47,14,42,25,13
幸运快3   	[已采集]	20210709222	4,1,3               
3分快3    	[已采集]	20210709069	3,3,6               
休眠3S

-----------------------------------系统彩采集开始-------------------------------
【彩种】       【状态】        【最后更新】    【开奖号码】        
一分快3   	[已采集]	202107090209	2,2,4               
幸运飞艇  	[已采集]	20210708109	06,03,09,01,08,10,02,04,05,07
福彩快3   	[已采集]	20210709120	4,5,1               
幸运快3   	[已采集]	20210709041	3,3,4               
大发六合彩	[已采集]	20210709104	11,27,45,30,39,15,21
1分时时彩 	[已采集]	202107090209	2,5,3,6,1           
大发pk10  	[已采集]	20210708360	04,07,03,09,06,02,01,05,08,10
5分六合彩 	[已采集]	20210709041	46,14,43,19,17,25,22
一分幸运28	[已采集]	202107090209	7,7,8               
5分pk10   	[已采集]	20210709041	07,02,08,06,10,05,04,01,09,03
10分六合彩	[已采集]	20210709020	16,13,25,12,21,35,09
5分时时彩 	[已采集]	20210709041	0,4,4,6,9           
3分时时彩 	[已采集]	20210709069	0,0,8,8,8           
10快3     	[已采集]	20210709020	1,2,5               
1分11选5  	[已采集]	202107090209	01,03,04,08,10      
3分pk10   	[已采集]	20210709069	07,04,10,03,09,01,05,08,06,02
1分pk10   	[已采集]	202107090209	08,09,04,06,05,07,10,03,02,01
1分六合彩 	[已采集]	202107090209	48,13,20,17,32,36,08
幸运快3   	[已采集]	20210709222	4,1,3               
3分快3    	[已采集]	20210709069	3,3,6               
休眠3S

-----------------------------------系统彩采集开始-------------------------------
【彩种】       【状态】        【最后更新】    【开奖号码】        
一分快3   	[已采集]	202107090209	2,2,4               
幸运飞艇  	[已采集]	20210708109	06,03,09,01,08,10,02,04,05,07
福彩快3   	[已采集]	20210709120	4,5,1               
幸运快3   	[已采集]	20210709041	3,3,4               
大发六合彩	[已采集]	20210709104	11,27,45,30,39,15,21
1分时时彩 	[已采集]	202107090209	2,5,3,6,1           
大发pk10  	[已采集]	20210708360	04,07,03,09,06,02,01,05,08,10
5分六合彩 	[已采集]	20210709041	46,14,43,19,17,25,22
一分幸运28	[已采集]	202107090209	7,7,8               
5分pk10   	[已采集]	20210709041	07,02,08,06,10,05,04,01,09,03
10分六合彩	[已采集]	20210709020	16,13,25,12,21,35,09
5分时时彩 	[已采集]	20210709041	0,4,4,6,9           
3分时时彩 	[已采集]	20210709069	0,0,8,8,8           
10快3     	[已采集]	20210709020	1,2,5               
1分11选5  	[已采集]	202107090209	01,03,04,08,10      
3分pk10   	[已采集]	20210709069	07,04,10,03,09,01,05,08,06,02
1分pk10   	[已采集]	202107090209	08,09,04,06,05,07,10,03,02,01
1分六合彩 	[已采集]	202107090209	48,13,20,17,32,36,08
幸运快3   	[已采集]	20210709222	4,1,3               
3分快3    	[已采集]	20210709069	3,3,6               
休眠3S

-----------------------------------系统彩采集开始-------------------------------
【彩种】       【状态】        【最后更新】    【开奖号码】        
一分快3   	[已采集]	202107090209	2,2,4               
幸运飞艇  	[已采集]	20210708109	06,03,09,01,08,10,02,04,05,07
福彩快3   	[已采集]	20210709120	4,5,1               
幸运快3   	[已采集]	20210709041	3,3,4               
大发六合彩	[已采集]	20210709104	11,27,45,30,39,15,21
1分时时彩 	[已采集]	202107090209	2,5,3,6,1           
大发pk10  	[已采集]	20210708360	04,07,03,09,06,02,01,05,08,10
5分六合彩 	[已采集]	20210709041	46,14,43,19,17,25,22
一分幸运28	[已采集]	202107090209	7,7,8               
5分pk10   	[已采集]	20210709041	07,02,08,06,10,05,04,01,09,03
10分六合彩	[已采集]	20210709020	16,13,25,12,21,35,09
5分时时彩 	[已采集]	20210709041	0,4,4,6,9           
3分时时彩 	[已采集]	20210709069	0,0,8,8,8           
10快3     	[已采集]	20210709020	1,2,5               
1分11选5  	[已采集]	202107090209	01,03,04,08,10      
3分pk10   	[已采集]	20210709069	07,04,10,03,09,01,05,08,06,02
1分pk10   	[已采集]	202107090209	08,09,04,06,05,07,10,03,02,01
1分六合彩 	[已采集]	202107090209	48,13,20,17,32,36,08
幸运快3   	[已采集]	20210709222	4,1,3               
3分快3    	[已采集]	20210709069	3,3,6               
休眠3S

-----------------------------------系统彩采集开始-------------------------------
【彩种】       【状态】        【最后更新】    【开奖号码】        
一分快3   	[已采集]	202107090209	2,2,4               
幸运飞艇  	[已采集]	20210708109	06,03,09,01,08,10,02,04,05,07
福彩快3   	[已采集]	20210709120	4,5,1               
幸运快3   	[已采集]	20210709041	3,3,4               
大发六合彩	[已采集]	20210709104	11,27,45,30,39,15,21
1分时时彩 	[已采集]	202107090209	2,5,3,6,1           
大发pk10  	[已采集]	20210708360	04,07,03,09,06,02,01,05,08,10
5分六合彩 	[已采集]	20210709041	46,14,43,19,17,25,22
一分幸运28	[已采集]	202107090209	7,7,8               
5分pk10   	[已采集]	20210709041	07,02,08,06,10,05,04,01,09,03
10分六合彩	[已采集]	20210709020	16,13,25,12,21,35,09
5分时时彩 	[已采集]	20210709041	0,4,4,6,9           
3分时时彩 	[已采集]	20210709069	0,0,8,8,8           
10快3     	[已采集]	20210709020	1,2,5               
1分11选5  	[已采集]	202107090209	01,03,04,08,10      
3分pk10   	[已采集]	20210709069	07,04,10,03,09,01,05,08,06,02
1分pk10   	[已采集]	202107090209	08,09,04,06,05,07,10,03,02,01
1分六合彩 	[已采集]	202107090209	48,13,20,17,32,36,08
幸运快3   	[已采集]	20210709222	4,1,3               
3分快3    	[已采集]	20210709069	3,3,6               
休眠3S

-----------------------------------系统彩采集开始-------------------------------
【彩种】       【状态】        【最后更新】    【开奖号码】        
一分快3   	[已采集]	202107090209	2,2,4               
幸运飞艇  	[已采集]	20210708109	06,03,09,01,08,10,02,04,05,07
福彩快3   	[已采集]	20210709120	4,5,1               
幸运快3   	[已采集]	20210709041	3,3,4               
大发六合彩	[已采集]	20210709104	11,27,45,30,39,15,21
1分时时彩 	[已采集]	202107090209	2,5,3,6,1           
大发pk10  	[已采集]	20210708360	04,07,03,09,06,02,01,05,08,10
5分六合彩 	[已采集]	20210709041	46,14,43,19,17,25,22
一分幸运28	[已采集]	202107090209	7,7,8               
5分pk10   	[已采集]	20210709041	07,02,08,06,10,05,04,01,09,03
10分六合彩	[已采集]	20210709020	16,13,25,12,21,35,09
5分时时彩 	[已采集]	20210709041	0,4,4,6,9           
3分时时彩 	[已采集]	20210709069	0,0,8,8,8           
10快3     	[已采集]	20210709020	1,2,5               
1分11选5  	[已采集]	202107090209	01,03,04,08,10      
3分pk10   	[已采集]	20210709069	07,04,10,03,09,01,05,08,06,02
1分pk10   	[已采集]	202107090209	08,09,04,06,05,07,10,03,02,01
1分六合彩 	[已采集]	202107090209	48,13,20,17,32,36,08
幸运快3   	[已采集]	20210709222	4,1,3               
3分快3    	[已采集]	20210709069	3,3,6               
休眠3S
